일자,채권평가사 평균수익률_수익률,채권평가사 평균수익률_대비,채권평가사 평균가격_가격,채권평가사 평균가격_대비
2024/11/22,3.178,-0.01,10190.0,-101.0
2024/11/21,3.188,-0.035,10291.0,8.0
2024/11/20,3.223,-0.015,10283.0,3.0
2024/11/19,3.238,-0.022,10280.0,6.0
2024/11/18,3.26,-0.02,10274.0,6.0
2024/11/15,3.28,0.012,10268.0,-1.0
2024/11/14,3.268,-0.011,10269.0,3.0
2024/11/13,3.279,0.03,10266.0,-5.0
2024/11/12,3.249,0.003,10271.0,0.0
2024/11/11,3.246,0.012,10271.0,1.0
2024/11/08,3.234,-0.029,10270.0,6.0
2024/11/07,3.263,-0.029,10264.0,7.0
2024/11/06,3.292,0.037,10257.0,-6.0
2024/11/05,3.255,-0.015,10263.0,3.0
2024/11/04,3.27,0.002,10260.0,3.0
2024/11/01,3.268,0.001,10257.0,0.0
2024/10/31,3.267,-0.004,10257.0,2.0
2024/10/30,3.271,0.005,10255.0,0.0
2024/10/29,3.266,0.008,10255.0,-1.0
2024/10/28,3.258,0.047,10256.0,-6.0
2024/10/25,3.211,0.0,10262.0,1.0
2024/10/24,3.211,-0.04,10261.0,9.0
2024/10/23,3.251,0.004,10252.0,0.0
2024/10/22,3.247,0.021,10252.0,-4.0
2024/10/21,3.226,-0.015,10256.0,6.0
2024/10/18,3.241,0.014,10250.0,-2.0
2024/10/17,3.227,0.018,10252.0,-3.0
2024/10/16,3.209,-0.023,10255.0,6.0
2024/10/15,3.232,-0.015,10249.0,4.0
2024/10/14,3.247,-0.013,10245.0,5.0
2024/10/11,3.26,-0.021,10240.0,5.0
2024/10/10,3.281,0.016,10235.0,-1.0
2024/10/08,3.265,-0.03,10236.0,7.0
2024/10/07,3.295,0.115,10229.0,-21.0
2024/10/04,3.18,0.034,10250.0,-5.0
2024/10/02,3.146,-0.02,10255.0,6.0
2024/09/30,3.166,-0.022,10249.0,7.0
2024/09/27,3.188,0.012,10242.0,-2.0
2024/09/26,3.176,-0.006,10244.0,2.0
2024/09/25,3.182,-0.036,10242.0,9.0
2024/09/24,3.218,-0.009,10233.0,2.0
2024/09/23,3.227,0.02,10231.0,-1.0
2024/09/20,3.207,-0.003,10232.0,2.0
2024/09/19,3.21,0.007,10230.0,3.0
2024/09/13,3.203,-0.048,10227.0,11.0
2024/09/12,3.251,0.045,10216.0,-8.0
2024/09/11,3.206,-0.038,10224.0,9.0
2024/09/10,3.244,-0.007,10215.0,2.0
2024/09/09,3.251,0.015,10213.0,0.0
2024/09/06,3.236,-0.025,10213.0,6.0
2024/09/05,3.261,-0.015,10207.0,4.0
2024/09/04,3.276,-0.043,10203.0,10.0
2024/09/03,3.319,-0.007,10193.0,3.0
2024/09/02,3.326,0.034,10190.0,-5.0
2024/08/30,3.292,0.016,10195.0,-3.0
2024/08/29,3.276,0.024,10198.0,-4.0
2024/08/28,3.252,-0.011,10202.0,3.0
2024/08/27,3.263,0.042,10199.0,-8.0
2024/08/26,3.221,-0.026,10207.0,8.0
2024/08/23,3.247,0.016,10199.0,-2.0
2024/08/22,3.231,-0.031,10201.0,-97.0
2024/08/21,3.262,-0.003,10298.0,2.0
2024/08/20,3.265,0.019,10296.0,-3.0
2024/08/19,3.246,0.005,10299.0,1.0
2024/08/16,3.241,0.037,10298.0,-6.0
2024/08/14,3.204,-0.02,10304.0,5.0
2024/08/13,3.224,-0.026,10299.0,7.0
2024/08/12,3.25,0.008,10292.0,1.0
2024/08/09,3.242,0.023,10291.0,-4.0
2024/08/08,3.219,-0.014,10295.0,4.0
2024/08/07,3.233,-0.004,10291.0,2.0
2024/08/06,3.237,0.116,10289.0,-26.0
2024/08/05,3.121,-0.116,10315.0,29.0
2024/08/02,3.237,-0.035,10286.0,9.0
2024/08/01,3.272,-0.026,10277.0,7.0
2024/07/31,3.298,0.005,10270.0,-1.0
2024/07/30,3.293,0.023,10271.0,-4.0
2024/07/29,3.27,-0.04,10275.0,12.0
2024/07/26,3.31,0.002,10263.0,0.0
2024/07/25,3.308,-0.026,10263.0,7.0
2024/07/24,3.334,-0.048,10256.0,12.0
2024/07/23,3.382,0.013,10244.0,-2.0
2024/07/22,3.369,-0.005,10246.0,4.0
2024/07/19,3.374,0.012,10242.0,-2.0
2024/07/18,3.362,0.005,10244.0,0.0
2024/07/17,3.357,0.019,10244.0,-4.0
2024/07/16,3.338,-0.034,10248.0,9.0
2024/07/15,3.372,-0.019,10239.0,7.0
2024/07/12,3.391,-0.052,10232.0,13.0
2024/07/11,3.443,0.038,10219.0,-8.0
2024/07/10,3.405,0.0,10227.0,1.0
2024/07/09,3.405,-0.003,10226.0,2.0
2024/07/08,3.408,-0.006,10224.0,4.0
2024/07/05,3.414,-0.013,10220.0,4.0
2024/07/04,3.427,-0.038,10216.0,10.0
2024/07/03,3.465,-0.004,10206.0,2.0
2024/07/02,3.469,-0.054,10204.0,13.0
2024/07/01,3.523,0.019,10191.0,-1.0
2024/06/28,3.504,-0.035,10192.0,9.0
2024/06/27,3.539,0.005,10183.0,-1.0
2024/06/26,3.534,0.008,10184.0,-1.0
2024/06/25,3.526,0.007,10185.0,0.0
2024/06/24,3.519,0.025,10185.0,-3.0
2024/06/21,3.494,-0.03,10188.0,8.0
2024/06/20,3.524,0.042,10180.0,-9.0
2024/06/19,3.482,-0.043,10189.0,11.0
2024/06/18,3.525,0.003,10178.0,0.0
2024/06/17,3.522,-0.037,10178.0,12.0
2024/06/14,3.559,-0.037,10166.0,10.0
2024/06/13,3.596,-0.011,10156.0,3.0
2024/06/12,3.607,-0.034,10153.0,9.0
2024/06/11,3.641,-0.016,10144.0,5.0
2024/06/10,3.657,0.054,10139.0,-10.0
2024/06/07,3.603,-0.027,10149.0,8.0
2024/06/05,3.63,-0.032,10141.0,9.0
2024/06/04,3.662,-0.034,10132.0,9.0
2024/06/03,3.696,-0.02,10123.0,8.0
2024/05/31,3.716,0.004,10115.0,0.0
2024/05/30,3.712,0.018,10115.0,-3.0
2024/05/29,3.694,0.032,10118.0,-7.0
2024/05/28,3.662,-0.016,10125.0,5.0
2024/05/27,3.678,-0.007,10120.0,5.0
2024/05/24,3.685,0.016,10115.0,-3.0
2024/05/23,3.669,-0.017,10118.0,5.0
2024/05/22,3.686,0.005,10113.0,-104.0
2024/05/21,3.681,0.003,10217.0,0.0
2024/05/20,3.678,0.034,10217.0,-5.0
2024/05/17,3.644,-0.003,10222.0,1.0
2024/05/16,3.647,-0.059,10221.0,17.0
2024/05/14,3.706,0.0,10204.0,1.0
2024/05/13,3.706,0.015,10203.0,-1.0
2024/05/10,3.691,-0.025,10204.0,7.0
2024/05/09,3.716,0.01,10197.0,-1.0
2024/05/08,3.706,-0.006,10198.0,3.0
2024/05/07,3.712,-0.051,10195.0,16.0
2024/05/03,3.763,-0.005,10179.0,2.0
2024/05/02,3.768,-0.02,10177.0,8.0
2024/04/30,3.788,-0.011,10169.0,3.0
2024/04/29,3.799,0.015,10166.0,0.0
2024/04/26,3.784,-0.032,10166.0,9.0
2024/04/25,3.816,0.016,10157.0,-3.0
2024/04/24,3.8,0.012,10160.0,-2.0
2024/04/23,3.788,-0.019,10162.0,6.0
2024/04/22,3.807,0.025,10156.0,-3.0
2024/04/19,3.782,0.041,10159.0,-9.0
2024/04/18,3.741,-0.033,10168.0,9.0
2024/04/17,3.774,-0.01,10159.0,3.0
2024/04/16,3.784,0.018,10156.0,-3.0
2024/04/15,3.766,0.033,10159.0,-5.0
2024/04/12,3.733,-0.064,10164.0,17.0
2024/04/11,3.797,0.07,10147.0,-15.0
2024/04/09,3.727,0.004,10162.0,0.0
2024/04/08,3.723,0.035,10162.0,-6.0
2024/04/05,3.688,-0.011,10168.0,4.0
2024/04/04,3.699,0.001,10164.0,1.0
2024/04/03,3.698,-0.007,10163.0,3.0
2024/04/02,3.705,0.029,10160.0,-7.0
2024/04/01,3.676,-0.028,10167.0,10.0
2024/03/29,3.704,0.018,10157.0,-3.0
2024/03/28,3.686,0.006,10160.0,-1.0
2024/03/27,3.68,-0.016,10161.0,5.0
2024/03/26,3.696,0.005,10156.0,0.0
2024/03/25,3.691,-0.001,10156.0,4.0
2024/03/22,3.692,-0.023,10152.0,6.0
2024/03/21,3.715,-0.065,10146.0,18.0
2024/03/20,3.78,-0.027,10128.0,8.0
2024/03/19,3.807,0.033,10120.0,-7.0
2024/03/18,3.774,0.036,10127.0,-6.0
2024/03/15,3.738,0.035,10133.0,-8.0
2024/03/14,3.703,0.016,10141.0,-4.0
2024/03/13,3.687,-0.012,10145.0,5.0
2024/03/12,3.699,0.001,10140.0,1.0
2024/03/11,3.698,0.015,10139.0,-1.0
2024/03/08,3.683,-0.037,10140.0,10.0
2024/03/07,3.72,-0.002,10130.0,2.0
2024/03/06,3.722,-0.028,10128.0,8.0
2024/03/05,3.75,-0.008,10120.0,3.0
2024/03/04,3.758,-0.024,10117.0,11.0
2024/02/29,3.782,0.013,10106.0,-3.0
2024/02/28,3.769,-0.004,10109.0,2.0
2024/02/27,3.773,0.022,10107.0,-4.0
2024/02/26,3.751,-0.039,10111.0,13.0
2024/02/23,3.79,0.03,10098.0,-7.0
2024/02/22,3.76,-0.058,10105.0,-88.0
2024/02/21,3.818,-0.012,10193.0,4.0
2024/02/20,3.83,0.004,10189.0,1.0
2024/02/19,3.826,-0.016,10188.0,7.0
2024/02/16,3.842,-0.009,10181.0,3.0
2024/02/15,3.851,-0.009,10178.0,4.0
2024/02/14,3.86,0.058,10174.0,-14.0
2024/02/13,3.802,0.038,10188.0,-5.0
2024/02/08,3.764,0.013,10193.0,-3.0
2024/02/07,3.751,-0.009,10196.0,4.0
2024/02/06,3.76,-0.019,10192.0,6.0
2024/02/05,3.779,0.049,10186.0,-10.0
2024/02/02,3.73,-0.026,10196.0,8.0
2024/02/01,3.756,0.008,10188.0,-1.0
2024/01/31,3.748,-0.012,10189.0,4.0
2024/01/30,3.76,-0.035,10185.0,10.0
2024/01/29,3.795,0.038,10175.0,-7.0
2024/01/26,3.757,-0.042,10182.0,13.0
2024/01/25,3.799,0.01,10169.0,-2.0
2024/01/24,3.789,0.002,10171.0,1.0
2024/01/23,3.787,0.008,10170.0,-2.0
2024/01/22,3.779,-0.024,10172.0,10.0
2024/01/19,3.803,0.031,10162.0,-7.0
2024/01/18,3.772,0.007,10169.0,-1.0
2024/01/17,3.765,0.042,10170.0,-10.0
2024/01/16,3.723,0.04,10180.0,-10.0
2024/01/15,3.683,-0.01,10190.0,6.0
2024/01/12,3.693,-0.029,10184.0,9.0
2024/01/11,3.722,-0.047,10175.0,13.0
2024/01/10,3.769,0.015,10162.0,-3.0
2024/01/09,3.754,-0.042,10165.0,13.0
2024/01/08,3.796,0.006,10152.0,1.0
2024/01/05,3.79,0.05,10151.0,-13.0
2024/01/04,3.74,-0.051,10164.0,15.0
2024/01/03,3.791,0.037,10149.0,-9.0
2024/01/02,3.754,0.101,10158.0,-22.0
2023/12/28,3.653,-0.068,10180.0,20.0
2023/12/27,3.721,-0.005,10160.0,2.0
2023/12/26,3.726,-0.01,10158.0,7.0
2023/12/22,3.736,-0.007,10151.0,3.0
2023/12/21,3.743,0.009,10148.0,-2.0
2023/12/20,3.734,-0.045,10150.0,14.0
2023/12/19,3.779,0.004,10136.0,0.0
2023/12/18,3.775,0.007,10136.0,1.0
2023/12/15,3.768,0.041,10135.0,-11.0
2023/12/14,3.727,-0.22,10146.0,63.0
2023/12/13,3.947,0.015,10083.0,-3.0
2023/12/12,3.932,-0.021,10086.0,6.0
2023/12/11,3.953,0.039,10080.0,-7.0
2023/12/08,3.914,-0.043,10087.0,13.0
2023/12/07,3.957,0.038,10074.0,-10.0
2023/12/06,3.919,-0.017,10084.0,6.0
2023/12/05,3.936,-0.049,10078.0,15.0
2023/12/04,3.985,-0.059,10063.0,20.0
2023/12/01,4.044,-0.005,10043.0,2.0
2023/11/30,4.049,0.024,10041.0,-5.0
2023/11/29,4.025,-0.097,10046.0,28.0
2023/11/28,4.122,-0.047,10018.0,14.0
2023/11/27,4.169,-0.001,10004.0,4.0
2023/11/24,4.17,0.031,10000.0,-8.0
2023/11/23,4.139,,10008.0,
